chr1	3738397	3739096	1
chr1	6942797	6943170	1
chr1	6943216	6943462	1
chr1	8007738	8008229	1
chr1	8724753	8725184	1
chr1	9933063	9933434	1
chr1	11357109	11357477	1
chr1	11466967	11467389	1
chr1	12468322	12468945	1
chr1	12468993	12469573	1
chr1	12532274	12532646	1
chr1	12582869	12583146	1
chr1	15247594	15247921	1
chr1	15428760	15429031	1
chr1	15484051	15484302	1
chr1	17728413	17728895	1
chr1	18565212	18565471	1
chr1	19626016	19626695	1
chr1	19795362	19796204	1
chr1	20555972	20556210	1
chr1	20556404	20556691	1
chr1	21068889	21069466	1
chr1	21742775	21743026	1
chr1	22671614	22672190	1
chr1	25955992	25956534	1
chr1	30548333	30549089	1
chr1	31614005	31614736	1
chr1	32080663	32081121	1
chr1	36442143	36442472	1
chr1	37276902	37277271	1
chr1	37733927	37734449	1
chr1	38659161	38659520	1
chr1	39493476	39494053	1
chr1	42016538	42016862	1
chr1	42098304	42098920	1
chr1	42099255	42100040	1
chr1	42100089	42100420	1
chr1	42104546	42104832	1
chr1	42106282	42106942	1
chr1	44022083	44022459	1
chr1	45755316	45755746	1
chr1	45757462	45757822	1
chr1	46995784	46996394	1
chr1	51559526	51560114	1
chr1	54254636	54254849	1
chr1	61453972	61454594	1
chr1	61880887	61881410	1
chr1	65221134	65221806	1
chr1	65282537	65283089	1
chr1	66504416	66504875	1
chr1	71686898	71687370	1
chr1	74890862	74891073	1
chr1	77182528	77182847	1
chr1	77182923	77183627	1
chr1	79599296	79600148	1
chr1	85535893	85536711	1
chr1	88073476	88073724	1
chr1	88531938	88532571	1
chr1	93232787	93233010	1
chr1	94017483	94018265	1
chr1	100203747	100204434	1
chr1	108100621	108100949	1
chr1	108280803	108281151	1
chr1	108543340	108543914	1
chr1	109482417	109482666	1
chr1	109495420	109495998	1
chr1	109496330	109496639	1
chr1	109584157	109584510	1
chr1	111857308	111858250	1
chr1	113599647	113600012	1
chr1	114320635	114321480	1
chr1	116058717	116059473	1
chr1	116656272	116656571	1
chr1	117010881	117011138	1
chr1	117935978	117936628	1
chr1	148255763	148256635	1
chr1	149246983	149247511	1
chr1	150981558	150982978	1
chr1	152429653	152429978	1
chr1	154852510	154853192	1
chr1	158297745	158297993	1
chr1	159355110	159355534	1
chr1	160395775	160396463	1
chr1	160402015	160402608	1
chr1	160404550	160404971	1
chr1	162984070	162984785	1
chr1	167142744	167143635	1
chr1	167764747	167765897	1
chr1	175683944	175684391	1
chr1	175684441	175684906	1
chr1	175684953	175685415	1
chr1	175821176	175821887	1
chr1	176891590	176892465	1
chr1	176961833	176962140	1
chr1	178403289	178403818	1
chr1	178409781	178410413	1
chr1	179354894	179355202	1
chr1	180550672	180551327	1
chr1	180869433	180870209	1
chr1	180882297	180882723	1
chr1	181841842	181842158	1
chr1	182862596	182862844	1
chr1	183881464	183882382	1
chr1	184388210	184388773	1
chr1	184388826	184389149	1
chr1	195721523	195722014	1
chr1	198252282	198252903	1
chr1	198342727	198343381	1
chr1	199833829	199834050	1
chr1	200342178	200342430	1
chr1	200342431	200342768	1
chr1	200343553	200344404	1
chr1	200348501	200348893	1
chr1	200367801	200368072	1
chr1	200368433	200368686	1
chr1	200505450	200505968	1
chr1	200570746	200571657	1
chr1	201324715	201325621	1
chr1	202365759	202366019	1
chr1	202615948	202616927	1
chr1	205083763	205084329	1
chr1	205104898	205105430	1
chr1	205135251	205135463	1
chr1	205135509	205136035	1
chr1	205143217	205144474	1
chr1	207786303	207786624	1
chr1	209498547	209498924	1
chr1	210168464	210168868	1
chr1	210706921	210707386	1
chr1	210797958	210798245	1
chr1	215364357	215364929	1
chr1	216856647	216857005	1
chr1	227367932	227368174	1
chr1	227423198	227424235	1
chr1	230189073	230189942	1
chr1	231907310	231907678	1
chr1	232926152	232926453	1
chr1	232926565	232926959	1
chr1	233078048	233078336	1
chr6	3171785	3172100	1
chr6	3693640	3694149	1
chr6	6704080	6704548	1
chr6	7007690	7008128	1
chr6	10531219	10531779	1
chr6	10531877	10532381	1
chr6	10706548	10706931	1
chr6	11498251	11498553	1
chr6	12396536	12396763	1
chr6	12396813	12397456	1
chr6	12439650	12440424	1
chr6	12451703	12452626	1
chr6	15144918	15145448	1
chr6	15197832	15198694	1
chr6	15329929	15330399	1
chr6	16238382	16239223	1
chr6	17497333	17497699	1
chr6	18163754	18164449	1
chr6	19134351	19135094	1
chr6	21846514	21847283	1
chr6	30827243	30827492	1
chr6	30827550	30827973	1
chr6	33892811	33893165	1
chr6	37178589	37178867	1
chr6	37645859	37646245	1
chr6	38337611	38337982	1
chr6	38512692	38513225	1
chr6	38868168	38868527	1
chr6	39168952	39169634	1
chr6	39171589	39171832	1
chr6	40982807	40983601	1
chr6	42302828	42303276	1
chr6	45630138	45631669	1
chr6	49617677	49618152	1
chr6	49743634	49744252	1
chr6	53299258	53299550	1
chr6	53299599	53300031	1
chr6	53437328	53439035	1
chr6	54820299	54820815	1
chr6	64202835	64203323	1
chr6	64259024	64259313	1
chr6	73794192	73795910	1
chr6	73798004	73798616	1
chr6	83335707	83336883	1
chr6	88340167	88340875	1
chr6	96751713	96752025	1
chr6	106182684	106183396	1
chr6	109135251	109135813	1
chr6	112019752	112020326	1
chr6	112020624	112021407	1
chr6	112446896	112447304	1
chr6	120046090	120046571	1
chr6	122972327	122972957	1
chr6	122983670	122984910	1
chr6	122985168	122986062	1
chr6	125560519	125561463	1
chr6	125564632	125565379	1
chr6	125567823	125568282	1
chr6	125947302	125947929	1
chr6	126080306	126081162	1
chr6	134479996	134480954	1
chr6	135573721	135574741	1
chr6	136928782	136929403	1
chr6	137766500	137766794	1
chr6	138945272	138945711	1
chr6	149133234	149133757	1
chr6	149133803	149134097	1
chr6	149442910	149443208	1
chr6	152021107	152021383	1
chr6	154813042	154813509	1
chr6	157115455	157115851	1
chr6	157189581	157190541	1
chr6	158326863	158327340	1
chr6	167453701	167454347	1
chr3	4730261	4731137	1
chr3	8473344	8473809	1
chr3	13492343	13492951	1
chr3	15309393	15310173	1
chr3	18177821	18178103	1
chr3	20202996	20203358	1
chr3	24285425	24285748	1
chr3	29457082	29457411	1
chr3	30371209	30371949	1
chr3	39436264	39436671	1
chr3	42560907	42561184	1
chr3	42561231	42561582	1
chr3	43201719	43202190	1
chr3	43202238	43202712	1
chr3	46682032	46682593	1
chr3	47459834	47460843	1
chr3	50617476	50618623	1
chr3	52441503	52442016	1
chr3	53528024	53528687	1
chr3	58001953	58002616	1
chr3	58057588	58058020	1
chr3	58349368	58349871	1
chr3	63873887	63874526	1
chr3	63874581	63875291	1
chr3	63893171	63893530	1
chr3	63893753	63894538	1
chr3	64451838	64452215	1
chr3	65649855	65650526	1
chr3	66548937	66549612	1
chr3	66562240	66562526	1
chr3	66608102	66609626	1
chr3	66610216	66610623	1
chr3	71242479	71243213	1
chr3	71340434	71340935	1
chr3	101305146	101305759	1
chr3	101305805	101306138	1
chr3	109025968	109027507	1
chr3	109187944	109189246	1
chr3	126264488	126265202	1
chr3	142143072	142143495	1
chr3	151438619	151439445	1
chr3	151642644	151643151	1
chr3	151937785	151938077	1
chr3	151938132	151938948	1
chr3	151956493	151957533	1
chr3	152044691	152045871	1
chr3	157742557	157743096	1
chr3	158012946	158013693	1
chr3	162539854	162540241	1
chr3	162602978	162603805	1
chr3	162613088	162613565	1
chr3	170153993	170154593	1
chr3	170283844	170284386	1
chr3	170284448	170284890	1
chr3	176327374	176328174	1
chr3	176336295	176337460	1
chr3	178154161	178154583	1
chr3	183051236	183051870	1
chr3	183725387	183726057	1
chr3	187973189	187973896	1
chr3	189236590	189237472	1
chr3	189483214	189483703	1
chr3	189483750	189484178	1
chr3	190299034	190299629	1
chr3	190299679	190299892	1
chr3	190504870	190505556	1
chr3	190764402	190765056	1
chr3	191042972	191043794	1
chr3	191144900	191145516	1
chr3	191786918	191787347	1
chr3	193797963	193798418	1
chr3	194052323	194053010	1
chr3	195079795	195079991	1
chr3	195080119	195080715	1
chr3	195359141	195360119	1
chr3	195696936	195697290	1
chr3	197122733	197123146	1
chr3	197498413	197498948	1
chr3	197498994	197499181	1
chr3	198563871	198564600	1
chr21	15299592	15300137	1
chr21	15494101	15494788	1
chr21	31823514	31824452	1
chr21	35022589	35023149	1
chr21	35028489	35029532	1
chr21	38433638	38434691	1
chr21	40618175	40618786	1
chr21	40676201	40676831	1
chr21	41615849	41616149	1
chr21	41616198	41616423	1
chr21	42350081	42350400	1
chr21	42350574	42350978	1
chr21	42556147	42556472	1
chr21	42659564	42660180	1
chr21	42668980	42669927	1
chr21	42670022	42670226	1
chr21	44953994	44954291	1
chr21	44954338	44954727	1
chr21	44954800	44954852	1
chr22	19571802	19572364	1
chr22	19601001	19601340	1
chr22	22827058	22827803	1
chr22	23029134	23029748	1
chr22	27539646	27540098	1
chr22	27545431	27545760	1
chr22	27548586	27549341	1
chr22	28111406	28112097	1
chr22	28112354	28112396	1
chr22	28242865	28243985	1
chr22	28524525	28525767	1
chr22	30311857	30312765	1
chr22	36295922	36296724	1
chr22	39458424	39459143	1
chr22	41460344	41460747	1
chr22	41719639	41720343	1
chr22	42117387	42117942	1
chr22	45266499	45266988	1
chr22	49182126	49182624	1
chrX	9135045	9135517	1
chrX	12957065	12957861	1
chrX	16545066	16545965	1
chrX	16590069	16590730	1
chrX	22045406	22046134	1
chrX	66831575	66832293	1
chrX	66832444	66832687	1
chrX	84499496	84500436	1
chrX	95548541	95549580	1
chrX	99887227	99888333	1
chrX	139401554	139402506	1
chrX	153039915	153040887	1
chrX	153422222	153422832	1
chrX	153423168	153423468	1
