chr1	8241769	8242309	0
chr1	11062832	11063190	0
chr1	15429301	15429592	0
chr1	21451103	21451440	0
chr1	24767184	24767579	0
chr1	35744144	35744707	0
chr1	36507349	36507736	0
chr1	39417120	39417373	0
chr1	40090661	40090892	0
chr1	42100467	42100715	0
chr1	42100810	42101261	0
chr1	42104889	42105240	0
chr1	47269014	47269650	0
chr1	51816943	51817292	0
chr1	57026756	57026971	0
chr1	61381294	61381623	0
chr1	61734610	61735151	0
chr1	81246395	81246812	0
chr1	81405085	81405344	0
chr1	81405399	81405616	0
chr1	85463521	85463951	0
chr1	94563795	94564087	0
chr1	100668610	100668948	0
chr1	100723893	100724551	0
chr1	108082734	108083778	0
chr1	108099878	108100267	0
chr1	109459944	109460405	0
chr1	109460539	109460749	0
chr1	110304325	110304675	0
chr1	117018680	117019281	0
chr1	117612862	117613422	0
chr1	118901179	118901436	0
chr1	144437847	144438179	0
chr1	150968226	150968510	0
chr1	155369027	155369456	0
chr1	160395356	160395576	0
chr1	173414162	173414408	0
chr1	175059054	175059312	0
chr1	175655730	175656020	0
chr1	175676757	175677295	0
chr1	175807531	175807906	0
chr1	176108267	176108585	0
chr1	180480187	180480426	0
chr1	182644125	182644832	0
chr1	183141375	183141690	0
chr1	183165774	183166094	0
chr1	184344333	184344665	0
chr1	184365488	184365738	0
chr1	185233594	185233871	0
chr1	186668207	186668509	0
chr1	189663441	189663823	0
chr1	195278682	195278903	0
chr1	202366415	202366473	0
chr1	202366474	202366628	0
chr1	202376962	202377221	0
chr1	205138516	205138848	0
chr1	205481221	205481625	0
chr1	205556279	205556548	0
chr1	209353999	209354318	0
chr1	212224820	212225156	0
chr1	212509850	212510270	0
chr1	216720524	216721374	0
chr1	217770581	217771566	0
chr1	221389183	221389464	0
chr1	221909443	221909670	0
chr1	223708356	223708758	0
chr1	230184812	230185225	0
chr1	231907772	231908029	0
chr1	231917278	231917563	0
chr1	233165709	233166144	0
chr1	234745162	234745405	0
chr1	238666054	238666417	0
chr1	244296639	244297310	0
chr6	4434758	4435223	0
chr6	6648838	6649235	0
chr6	7506726	7507128	0
chr6	11155031	11155391	0
chr6	11161811	11162141	0
chr6	12444508	12444767	0
chr6	12480093	12480335	0
chr6	12524315	12524669	0
chr6	12600669	12600967	0
chr6	12952676	12952891	0
chr6	15564053	15564609	0
chr6	16874245	16874512	0
chr6	17580999	17581219	0
chr6	17581266	17581732	0
chr6	18159959	18160509	0
chr6	18161759	18161978	0
chr6	20848789	20849204	0
chr6	21041368	21041645	0
chr6	22529643	22530044	0
chr6	30828071	30828314	0
chr6	36859707	36860022	0
chr6	39350634	39351146	0
chr6	39351382	39351715	0
chr6	48992301	48992559	0
chr6	51816850	51817109	0
chr6	56700302	56700558	0
chr6	65540918	65541910	0
chr6	65544745	65545184	0
chr6	83775234	83775672	0
chr6	93932288	93932746	0
chr6	102784778	102785075	0
chr6	113861072	113861957	0
chr6	116985853	116986268	0
chr6	122396242	122396673	0
chr6	122986112	122986404	0
chr6	125517596	125518094	0
chr6	133256607	133257096	0
chr6	135536591	135537029	0
chr6	135575246	135575689	0
chr6	138831833	138832258	0
chr6	140219264	140219562	0
chr6	140242843	140243098	0
chr6	148996568	148996977	0
chr6	151995790	151996277	0
chr6	151996545	151997011	0
chr6	152169915	152170201	0
chr6	164155323	164155824	0
chr6	170182216	170182572	0
chr3	3653658	3654227	0
chr3	4704919	4705315	0
chr3	5271059	5271695	0
chr3	15647448	15647671	0
chr3	31768888	31769560	0
chr3	32126826	32127329	0
chr3	33675478	33675958	0
chr3	39055183	39055469	0
chr3	39999534	40000005	0
chr3	46682639	46683063	0
chr3	52442062	52442440	0
chr3	54362713	54363060	0
chr3	54363214	54363457	0
chr3	54363527	54364233	0
chr3	58427780	58428052	0
chr3	59963107	59963602	0
chr3	61588525	61588930	0
chr3	61967879	61968577	0
chr3	63897363	63897940	0
chr3	64462188	64462556	0
chr3	66549785	66550014	0
chr3	66609924	66610169	0
chr3	67651146	67651700	0
chr3	67664586	67665227	0
chr3	71516214	71516711	0
chr3	97118068	97118417	0
chr3	97394426	97394850	0
chr3	100121066	100121366	0
chr3	103364493	103365397	0
chr3	103382003	103382683	0
chr3	105015552	105015836	0
chr3	105812263	105812500	0
chr3	106948083	106948326	0
chr3	107887379	107887660	0
chr3	114738320	114738801	0
chr3	121862643	121863976	0
chr3	125963411	125963822	0
chr3	126038859	126039569	0
chr3	130864606	130865014	0
chr3	134654288	134654908	0
chr3	134662609	134663239	0
chr3	151948482	151949175	0
chr3	162524205	162524671	0
chr3	162524717	162525027	0
chr3	162612611	162612993	0
chr3	163008846	163009183	0
chr3	163021884	163022492	0
chr3	170306191	170306650	0
chr3	172818726	172819171	0
chr3	173342684	173343224	0
chr3	173356933	173357425	0
chr3	173499051	173499267	0
chr3	178056147	178056288	0
chr3	178056632	178056962	0
chr3	179583069	179583392	0
chr3	183039172	183039642	0
chr3	184491963	184492492	0
chr3	189009289	189009775	0
chr3	189880387	189880599	0
chr3	190299939	190300828	0
chr3	190512085	190512452	0
chr3	190658785	190659487	0
chr3	195071245	195071628	0
chr3	195696277	195696587	0
chr21	15486491	15486914	0
chr21	15503639	15505002	0
chr21	15636618	15637264	0
chr21	21532896	21533407	0
chr21	29672824	29673340	0
chr21	35023199	35023348	0
chr21	36482378	36482940	0
chr21	40614702	40615143	0
chr21	40618842	40619118	0
chr21	40634087	40634665	0
chr21	40634712	40634860	0
chr21	41616472	41616706	0
chr22	21864351	21864965	0
chr22	23078055	23078553	0
chr22	23251506	23251860	0
chr22	27544744	27544911	0
chr22	30305948	30306493	0
chr22	30311533	30311675	0
chr22	45240169	45240414	0
chr22	45240462	45240792	0
chr22	45517437	45517930	0
chrX	9196912	9197723	0
chrX	12916906	12917190	0
chrX	12958211	12958498	0
chrX	21901626	21901720	0
chrX	21901912	21902607	0
chrX	22063234	22063542	0
chrX	23042025	23042459	0
chrX	31517505	31517773	0
chrX	39639113	39639728	0
chrX	40322015	40322444	0
chrX	46537138	46537644	0
chrX	69356921	69357244	0
chrX	81955183	81955735	0
chrX	85511736	85512275	0
chrX	95549581	95550049	0
chrX	97973693	97973980	0
chrX	106856558	106857160	0
chrX	115429515	115430290	0
chrX	118112147	118112506	0
chrX	121233855	121234101	0
chrX	121234873	121235300	0
chrX	122302239	122302785	0
chrX	122307895	122308281	0
chrX	129734230	129734742	0
chrX	131142582	131142872	0
chrX	131142918	131143613	0
chrX	134993028	134994066	0
chrX	135129002	135129413	0
chrX	141848498	141848898	0
chrX	142001806	142002249	0
