chr1	6217362	6217687	0
chr1	9411643	9412114	0
chr1	12583195	12583531	0
chr1	18564923	18565166	0
chr1	19781095	19781593	0
chr1	22668930	22669143	0
chr1	38361862	38362226	0
chr1	42104153	42104402	0
chr1	45057466	45057785	0
chr1	58811341	58811629	0
chr1	61454641	61454858	0
chr1	76297823	76298227	0
chr1	84998118	84998480	0
chr1	86069242	86069577	0
chr1	109220117	109220510	0
chr1	109584557	109584869	0
chr1	114320191	114320505	0
chr1	116159578	116159899	0
chr1	117934490	117935043	0
chr1	145476802	145477229	0
chr1	145607856	145608214	0
chr1	149821327	149821976	0
chr1	150028957	150029369	0
chr1	150286679	150287105	0
chr1	151734296	151734738	0
chr1	152568390	152568821	0
chr1	152568869	152569081	0
chr1	158297115	158297343	0
chr1	160521779	160521994	0
chr1	178464183	178464931	0
chr1	180363943	180364194	0
chr1	180364371	180364809	0
chr1	180364857	180365077	0
chr1	180365973	180366312	0
chr1	181259837	181260210	0
chr1	181498626	181499138	0
chr1	181517260	181517549	0
chr1	193014386	193014707	0
chr1	199588723	199589252	0
chr1	199731154	199731625	0
chr1	200294198	200294568	0
chr1	201322503	201322845	0
chr1	201337488	201337772	0
chr1	213664779	213665093	0
chr1	213665180	213665479	0
chr1	223158405	223158754	0
chr1	225116876	225117294	0
chr1	233078573	233078602	0
chr1	233078603	233079050	0
chr1	243566028	243566818	0
chr6	1557223	1557555	0
chr6	1586267	1586592	0
chr6	3172151	3172378	0
chr6	3663204	3663527	0
chr6	7363483	7363917	0
chr6	7364306	7364730	0
chr6	13563842	13564350	0
chr6	17502357	17502700	0
chr6	20400279	20400693	0
chr6	26134788	26135612	0
chr6	27681528	27681886	0
chr6	27899964	27900551	0
chr6	27906709	27906752	0
chr6	27906753	27907296	0
chr6	32029556	32030304	0
chr6	33276737	33277044	0
chr6	33355785	33356085	0
chr6	33792801	33793026	0
chr6	35388356	35388883	0
chr6	37645537	37645813	0
chr6	38901224	38901716	0
chr6	42150908	42151351	0
chr6	43567758	43567978	0
chr6	43568025	43568485	0
chr6	44653634	44654009	0
chr6	53667082	53667599	0
chr6	82582553	82582884	0
chr6	88892621	88892920	0
chr6	100730926	100731180	0
chr6	101842352	101842569	0
chr6	116501848	116502098	0
chr6	118726101	118726635	0
chr6	118953974	118954333	0
chr6	119228760	119229153	0
chr6	147558327	147558545	0
chr6	147558593	147558918	0
chr6	150082118	150082560	0
chr6	152170248	152170484	0
chr6	152454393	152454888	0
chr6	154530361	154530824	0
chr6	159046193	159046280	0
chr6	167283837	167284098	0
chr6	170377465	170378236	0
chr3	4994055	4994416	0
chr3	4994463	4994901	0
chr3	13233268	13233622	0
chr3	42096668	42097004	0
chr3	43231324	43231562	0
chr3	43786423	43787203	0
chr3	59624538	59624879	0
chr3	59625049	59625473	0
chr3	63880616	63881013	0
chr3	109027770	109027877	0
chr3	109028094	109028387	0
chr3	121551050	121551559	0
chr3	124864806	124865131	0
chr3	124865179	124865430	0
chr3	126264060	126264280	0
chr3	140514831	140515577	0
chr3	147294502	147294852	0
chr3	152995856	152996235	0
chr3	157743146	157743362	0
chr3	162231536	162231819	0
chr3	176059904	176060265	0
chr3	178396578	178396923	0
chr3	189505801	189506054	0
chr3	193265842	193266070	0
chr3	195350807	195351214	0
chr3	196006680	196007334	0
chr3	196007382	196007660	0
chr3	196007706	196007974	0
chr21	34573347	34573713	0
chr21	41436866	41437313	0
chr21	42349453	42349768	0
chr21	44614308	44614912	0
chr21	45272157	45272812	0
chr21	45630886	45631618	0
chr22	16926135	16926427	0
chr22	21582220	21582719	0
chrX	9961238	9961522	0
chrX	17753596	17754026	0
chrX	17754072	17754503	0
chrX	66832898	66833118	0
chrX	66833119	66833397	0
chrX	100549153	100549652	0
chrX	102118529	102118865	0
chrX	114831351	114831916	0
chrX	147522482	147522851	0
chrX	151815054	151815270	0
chrX	151815391	151815644	0
